version https://git-lfs.github.com/spec/v1
oid sha256:dfa88b3ea023e0628c01e63f38c1a01e62f31c883181d3f39637aae4b27a145e
size 187100109
